208078 208078
451804 243726
455673 3869
469096 13423
522304 53208
673290 150986
708056 34766
708602 546
714723 6121
723420 8697
913304 189884
1048790 135486
1098420 49630
1206318 107898
1390048 183730
1444670 54622
1851617 406947
1894197 42580
2158937 264740
2225552 66615
2296520 70968
2314537 18017
2315790 1253
2455295 139505
2733112 277817
2739126 6014
2740820 1694
2787936 47116
2973656 185720
3138724 165068
3181311 42587
3443233 261922
3514614 71381
3646600 131986
3894425 247825
4041992 147567
4336952 294960
4577256 240304
4863652 286396
4870262 6610
4902472 32210
4928493 26021
5052913 124420
5125900 72987
5358488 232588
5390142 31654
5535900 145758
5543352 7452
5768649 225297
6199481 430832
6497619 298138
6506768 9149
6516558 9790
7162950 646392
7219559 56609
7650865 431306
7663906 13041
7674988 11082
7837116 162128
7841674 4558
8040948 199274
8074210 33262
8122568 48358
8514512 391944
8562213 47701
8567684 5471
8642620 74936
8806851 164231
8840470 33619
8890362 49892
9273158 382796
9295255 22097
9313712 18457
9566849 253137
9671292 104443
9684321 13029
9696721 12400
9725520 28799
10012674 287154
10026658 13984
10139344 112686
10139858 514
10206484 66626
10211602 5118
10250466 38864
10394496 144030
10396860 2364
10544010 147150
10676956 132946
10694588 17632
10728615 34027
10874466 145851
11020711 146245
11342808 322097
11586872 244064
12057935 471063
12162151 104216
12316054 153903
12550139 234085
12552959 2820
12840538 287579
12991426 150888
13128858 137432
13131323 2465
13136050 4727
13197436 61386
13281399 83963
13424591 143192
13464033 39442
13587334 123301
13722753 135419
13738128 15375
13739445 1317
13917953 178508
14141606 223653
14159800 18194
14249922 90122
14637932 388010
14800460 162528
14930664 130204
15013045 82381
15022890 9845
15068334 45444
15099206 30872
15162364 63158
15202984 40620
15292367 89383
15318350 25983
15345790 27440
15451364 105574
15487161 35797
15488298 1137
15725863 237565
15733578 7715
16212398 478820
16406028 193630
16640867 234839
16834200 193333
17313729 479529
17535254 221525
17605020 69766
17853982 248962
17904631 50649
18031046 126415
18113464 82418
18224518 111054
18671065 446547
18768690 97625
18855399 86709
19080263 224864
19244795 164532
19299584 54789
19349108 49524
19388346 39238
19484806 96460
19513055 28249
19513135 80
19910266 397131
19969906 59640
20208622 238716
20210942 2320
20553626 342684
20809977 256351
20984215 174238
21017224 33009
21048662 31438
21051080 2418
21137145 86065
21321980 184835
21561306 239326
21562741 1435
21748269 185528
21847478 99209
21938533 91055
22155543 217010
22232588 77045
22472426 239838
22647972 175546
22698966 50994
22722036 23070
22902911 180875
22903123 212
23078020 174897
23420177 342157
23420358 181
23421284 926
23602937 181653
23852338 249401
23855972 3634
24117670 261698
24196254 78584
24272652 76398
24384109 111457
24494732 110623
24529812 35080
24586006 56194
24606384 20378
24744120 137736
24786906 42786
24800654 13748
24922930 122276
25120938 198008
25121680 742
25281457 159777
25540560 259103
25695035 154475
25730358 35323
25737012 6654
25814345 77333
25900087 85742
26013724 113637
26374996 361272
26441432 66436
26477940 36508
26634706 156766
26812383 177677
27044145 231762
27399844 355699
27757110 357266
27798780 41670
27956833 158053
28250295 293462
28335796 85501
28343189 7393
28623375 280186
28680998 57623
28721417 40419
28768673 47256
29007914 239241
29064437 56523
29131692 67255
29206244 74552
29445987 239743
29489499 43512
29632548 143049
29638989 6441
29647471 8482
29834061 186590
30116098 282037
30121454 5356
30129500 8046
30177534 48034
30204751 27217
30515521 310770
30597802 82281
30693564 95762
30785648 92084
30826976 41328
31334664 507688
31514916 180252
31528074 13158
31528744 670
31692490 163746
31710285 17795
31853702 143417
31948446 94744
32141074 192628
32147679 6605
32238894 91215
32348068 109174
32670263 322195
32854536 184273
32919305 64769
33094716 175411
33351522 256806
33393915 42393
33411950 18035
33545402 133452
33639968 94566
33776506 136538
33835677 59171
34284000 448323
34456930 172930
34705285 248355
34935355 230070
35171773 236418
35175552 3779
35274313 98761
35464400 190087
35611235 146835
35834742 223507
35992292 157550
36018053 25761
36190108 172055
36238340 48232
36615313 376973
36870001 254688
36999512 129511
37063252 63740
37311907 248655
37485282 173375
37491966 6684
38403143 911177
38451468 48325
38636525 185057
38838626 202101
38890775 52149
38901851 11076
38903647 1796
39051114 147467
39173138 122024
39402958 229820
39559122 156164
39626725 67603
39673790 47065
40044712 370922
40269018 224306
40351938 82920
40497616 145678
40617156 119540
40703856 86700
40706743 2887
40955037 248294
41042708 87671
41046088 3380
41069771 23683
41217711 147940
41226570 8859
41234654 8084
41367926 133272
41951920 583994
41952509 589
42048557 96048
42105418 56861
42112001 6583
42114704 2703
42202854 88150
42209928 7074
42312932 103004
42375132 62200
42508496 133364
42584912 76416
42784834 199922
43103012 318178
43202608 99596
43367052 164444
43497002 129950
43509907 12905
43545140 35233
44448850 903710
44507856 59006
44509290 1434
44543981 34691
44771831 227850
44778473 6642
44849576 71103
44979546 129970
45153246 173700
45184475 31229
45349364 164889
45373064 23700
45428674 55610
45522168 93494
45907944 385776
45953021 45077
46001709 48688
46095394 93685
46108125 12731
46396668 288543
46919785 523117
47014291 94506
47014516 225
47421026 406510
47479829 58803
47527688 47859
47553772 26084
47697615 143843
47948529 250914
47970853 22324
48119750 148897
48143265 23515
49083728 940463
49126266 42538
49169964 43698
49332611 162647
49367395 34784
49369571 2176
49372410 2839
49992743 620333
50318644 325901
50528667 210023
50751248 222581
50936738 185490
51142617 205879
51351458 208841
51478328 126870
51620146 141818
51863786 243640
51876974 13188
51877660 686
51891711 14051
52053616 161905
52089828 36212
52217902 128074
52301781 83879
52400330 98549
52605181 204851
52746485 141304
52824931 78446
53048573 223642
53205678 157105
53232592 26914
53279600 47008
53284712 5112
53295033 10321
53446482 151449
53660229 213747
53840316 180087
53843728 3412
53978028 134300
54225252 247224
54565289 340037
54657392 92103
54905864 248472
54948293 42429
55089390 141097
55105410 16020
55129144 23734
55245600 116456
55319819 74219
55423002 103183
55467270 44268
55818021 350751
55841216 23195
55955723 114507
55969739 14016
56227216 257477
56244270 17054
56257164 12894
56279974 22810
56535442 255468
56547401 11959
56579564 32163
56724154 144590
56726708 2554
56958096 231388
57122883 164787
57258750 135867
57696838 438088
57732126 35288
58102318 370192
58136018 33700
58427796 291778
58537818 110022
58729735 191917
58848059 118324
58850994 2935
59042146 191152
59298586 256440
59518598 220012
59717864 199266
59825757 107893
59950614 124857
60032171 81557
60171392 139221
60191062 19670
60198090 7028
60240506 42416
60488132 247626
60589419 101287
60676798 87379
60760060 83262
61145514 385454
61167352 21838
61293376 126024
61568039 274663
61618651 50612
62030007 411356
62470204 440197
62500972 30768
62507727 6755
62562033 54306
62718004 155971
62750002 31998
62940560 190558
63057920 117360
63198818 140898
63602064 403246
64051210 449146
64080280 29070
64090496 10216
64150732 60236
64491362 340630
64870268 378906
65273933 403665
65503779 229846
65594334 90555
65782500 188166
65920513 138013
66023142 102629
66069256 46114
66222219 152963
66406016 183797
66514159 108143
66765576 251417
66972295 206719
