     40 A: 6,32,28,44,13,29,27,42,22
     40 A: 44,22,29,4,42,6,32,28
     40 A: 44,13,29,27,42,22,32,4
     40 A: 42,6,32,28,44,13,29,27
     40 A: 42,22,32,4,44,6,29,28
     40 A: 42,13,32,27,44,22,29,4
     40 A: 4,42,6,32,28,44,13,29,27
     40 A: 32,4,44,6,29,28,42,13
     40 A: 32,28,44,13,29,27,42,22
     40 A: 32,27,44,22,29,4,42,6
     40 A: 29,4,42,6,32,28,44,13
     40 A: 29,27,42,22,32,4,44,6
     40 A: 28,44,13,29,27,42,22,32,4
     40 A: 27,44,22,29,4,42,6,32,28
     40 A: 27,42,22,32,4,44,6,29,28
     40 A: 22,32,4,44,6,29,28,42,13
     40 A: 22,29,4,42,6,32,28,44,13
     40 A: 13,32,27,44,22,29,4,42,6
     40 A: 13,29,27,42,22,32,4,44,6
     39 A: 6,29,28,42,13,32,27,44,22
     39 A: 44,6,29,28,42,13,32,27
     39 A: 4,44,6,29,28,42,13,32,27
     39 A: 29,28,42,13,32,27,44,22
     39 A: 28,42,13,32,27,44,22,29,4
      1 A: 8,42,30,13,44,22,35,7,38,6,19,15,23,3
      1 A: 8,19,3
      1 A: 7,38,6,19,15,23,3,42,28,44,31,35,16
      1 A: 6,38,10
      1 A: 6,19,15,23,3,42,38,37
      1 A: 6,19,15,23,3,42,28,44,31,35,16,7,2,38,37
      1 A: 50,21,17,11,25,40,5,43,41,24,12,19,23,8,42,30,13,44,22,35,7,38,6,45,10,33,20
      1 A: 5,43,41,24,12,19,23,8,42,30,13,44,22,35,7,38,6,45,10,33,20,50,47,25,1,40,26
      1 A: 45,33,50,21,17,11,25,40,5,43,41,24,12,19,23,8,42,30,13,44,22,35,7,38,6
      1 A: 44,42,32
      1 A: 44,35,27,2,4,38,45,33,50,21,17,11,25,40,5,43,41,24,12,19,23,8,42,30,13
      1 A: 44,29,42,13,32,27
      1 A: 44,22,35,7,38,6,19,15,23,3,42,28
      1 A: 43,41,24,12,19,23,8,42,30,13,44,22,35,7,38,6,45,10,33,20,50,47,25,1,40,26
      1 A: 42,32,44,29
      1 A: 42,30,13,44,22,35,7,38,6,19,15,23,3
      1 A: 42,28,44
      1 A: 42,28,23,18
      1 A: 41,24,12,19,23,8,42,30,13,44,22,35,7,38,6,45,10,33,20,50,47,25,1,40,26,43,9
      1 A: 40,5,43,41,24,12,19,23,8,42,30,13,44,22,35,7,38,6,45,10,33,20,50,47,25,1
      1 A: 4,38,45,33,50,21,17,11,25,40,5,43,41,24,12,19,23,8,42,30,13,44,22,35,7
      1 A: 4,38
      1 A: 38,6,19,15,23,3,42,28,44,31,35,16,7,2
      1 A: 38,6,19,15,23,3,42
      1 A: 38,6
      1 A: 38,45,33,50,21,17,11,25,40,5,43,41,24,12,19,23,8,42,30,13,44,22,35,7
      1 A: 38,10
      1 A: 38
      1 A: 35,7,38,6,19,15,23,3,42,28,44,31
      1 A: 35,27,2,4,38,45,33,50,21,17,11,25,40,5,43,41,24,12,19,23,8,42,30,13,44,22
      1 A: 33,50,21,17,11,25,40,5,43,41,24,12,19,23,8,42,30,13,44,22,35,7,38,6,45,10
      1 A: 32,44,29,42,13
      1 A: 30,44,35,27,2,4,38,45,33,50,21,17,11,25,40,5,43,41,24,12,19,23,8,42
      1 A: 30,13,44,22,35,7,38,6,19,15,23,3,42,28
      1 A: 3,42,28,44,31,35,16,7,2,38,37,23,18
      1 A: 3,42,28,23,18
      1 A: 3
      1 A: 29,42,13,32,27,44,22
      1 A: 29,30,44,35,27,2,4,38,45,33,50,21,17,11,25,40,5,43,41,24,12,19,23,8,42
      1 A: 28,8,19,3
      1 A: 28,44,42,32
      1 A: 28,23,18
      1 A: 28,19,23,21,18,15
      1 A: 27,2,4,38,45,33,50,21,17,11,25,40,5,43,41,24,12,19,23,8,42,30,13,44,22,35,7
      1 A: 25,40,5,43,41,24,12,19,23,8,42,30,13,44,22,35,7,38,6,45,10,33,20,50,47
      1 A: 24,12,19,23,8,42,30,13,44,22,35,7,38,6,45,10,33,20,50,47,25,1,40,26,43,9
      1 A: 23,8,42,30,13,44,22,35,7,38,6,19,15
      1 A: 23,3,42,28,44,31,35,16,7,2,38,37
      1 A: 23,3,42,28
      1 A: 23,21,18,15,28,8,19,3
      1 A: 23,18,28,19
      1 A: 22,35,7,38,6,19,15,23,3,42,28,44,31
      1 A: 21,18,15,28,8,19,3
      1 A: 21,17,11,25,40,5,43,41,24,12,19,23,8,42,30,13,44,22,35,7,38,6,45,10,33,20,50,47
      1 A: 2,4,38,45,33,50,21,17,11,25,40,5,43,41,24,12,19,23,8,42,30,13,44,22,35,7
      1 A: 19,3
      1 A: 19,23,8,42,30,13,44,22,35,7,38,6
      1 A: 19,23,21,18,15,28,8
      1 A: 19,15,23,3,42,28,44,31,35,16,7,2,38,37
      1 A: 19,15,23,3,42,28
      1 A: 18,28,19,23,21
      1 A: 18,15,28,8,19,3
      1 A: 17,11,25,40,5,43,41,24,12,19,23,8,42,30,13,44,22,35,7,38,6,45,10,33,20,50,47
      1 A: 15,28,8,19,3
      1 A: 15,23,3,42,28,44,31,35,16,7,2,38,37
      1 A: 15,23,3,42,28
      1 A: 13,44,22,35,7,38,6,19,15,23,3,42,28
      1 A: 12,19,23,8,42,30,13,44,22,35,7,38,6,45,10,33,20,50,47,25,1,40,26,43,9
      1 A: 11,25,40,5,43,41,24,12,19,23,8,42,30,13,44,22,35,7,38,6,45,10,33,20,50,47
      1 A: 10
